401.12	99.79
404.98	99.71
408.83	99.85
412.69	100.17
416.55	100.21
420.40	100.08
424.26	99.72
428.12	99.54
431.97	99.78
435.83	100.37
439.69	100.47
443.55	100.17
447.40	100.34
451.26	100.30
455.12	99.96
458.97	99.79
462.83	99.64
466.69	100.27
470.54	100.69
474.40	99.45
478.26	99.16
482.11	99.72
485.97	99.84
489.83	99.91
493.69	100.02
497.54	100.06
501.40	100.00
505.26	100.02
509.11	100.02
512.97	99.94
516.83	100.00
520.68	99.97
524.54	99.71
528.40	99.68
532.26	99.68
536.11	99.81
539.97	100.00
543.83	99.96
547.68	99.76
551.54	99.90
555.40	100.21
559.25	100.08
563.11	99.86
566.97	99.69
570.82	99.60
574.68	99.78
578.54	99.87
582.40	99.81
586.25	99.58
590.11	99.58
593.97	99.60
597.82	99.36
601.68	99.58
605.54	99.75
609.39	99.65
613.25	99.69
617.11	99.86
620.97	99.92
624.82	99.85
628.68	99.77
632.54	99.75
636.39	99.81
640.25	99.79
644.11	99.63
647.96	99.73
651.82	99.97
655.68	99.95
659.53	99.80
663.39	99.79
667.25	99.75
671.11	99.52
674.96	99.49
678.82	99.35
682.68	99.26
686.53	99.34
690.39	99.18
694.25	99.15
698.10	99.28
701.96	99.30
705.82	99.28
709.68	99.65
713.53	99.81
717.39	99.23
721.25	99.06
725.10	99.15
728.96	99.17
732.82	99.26
736.67	99.26
740.53	99.30
744.39	99.23
748.24	99.34
752.10	99.15
755.96	98.60
759.82	98.85
763.67	98.97
767.53	98.42
771.39	98.81
775.24	99.36
779.10	99.05
782.96	98.56
786.81	98.55
790.67	98.67
794.53	98.53
798.39	97.90
802.24	97.27
806.10	97.45
809.96	97.70
813.81	97.37
817.67	96.48
821.53	96.66
825.38	93.98
829.24	87.37
833.10	82.36
836.95	33.50
840.81	127.30
844.67	109.14
848.53	103.41
852.38	101.35
856.24	100.45
860.10	100.34
863.95	100.64
867.81	100.05
871.67	99.47
875.52	99.57
879.38	99.56
883.24	99.07
887.10	98.17
890.95	97.66
894.81	96.63
898.67	95.18
902.52	94.58
906.38	91.54
910.24	73.89
914.09	134.93
917.95	111.84
921.81	106.74
925.66	104.92
929.52	104.12
933.38	103.21
937.24	102.72
941.09	102.42
944.95	102.16
948.81	101.93
952.66	101.71
956.52	101.49
960.38	101.36
964.23	101.33
968.09	101.23
971.95	101.13
975.81	101.08
979.66	100.99
983.52	100.94
987.38	100.90
991.23	100.92
995.09	100.92
998.95	100.83
1002.80	100.81
1006.66	100.84
1010.52	100.83
1014.38	100.83
1018.23	100.82
1022.09	100.79
1025.95	100.71
1029.80	100.64
1033.66	100.61
1037.52	100.59
1041.37	100.58
1045.23	100.59
1049.09	100.58
1052.94	100.54
1056.80	100.51
1060.66	100.51
1064.52	100.53
1068.37	100.52
1072.23	100.49
1076.09	100.47
1079.94	100.44
1083.80	100.40
1087.66	100.37
1091.51	100.35
1095.37	100.29
1099.23	100.27
1103.09	100.27
1106.94	100.26
1110.80	100.27
1114.66	100.28
1118.51	100.30
1122.37	100.31
1126.23	100.32
1130.08	100.33
1133.94	100.32
1137.80	100.33
1141.65	100.33
1145.51	100.32
1149.37	100.33
1153.23	100.32
1157.08	100.31
1160.94	100.30
1164.80	100.30
1168.65	100.31
1172.51	100.33
1176.37	100.34
1180.22	100.36
1184.08	100.39
1187.94	100.38
1191.80	100.36
1195.65	100.33
1199.51	100.33
1203.37	100.34
1207.22	100.33
1211.08	100.33
1214.94	100.32
1218.79	100.32
1222.65	100.31
1226.51	100.31
1230.36	100.31
1234.22	100.33
1238.08	100.34
1241.94	100.37
1245.79	100.40
1249.65	100.43
1253.51	100.45
1257.36	100.45
1261.22	100.41
1265.08	100.37
1268.93	100.34
1272.79	100.31
1276.65	100.30
1280.51	100.31
1284.36	100.30
1288.22	100.29
1292.08	100.29
1295.93	100.28
1299.79	100.27
1303.65	100.25
1307.50	100.25
1311.36	100.27
1315.22	100.28
1319.07	100.28
1322.93	100.25
1326.79	100.24
1330.65	100.24
1334.50	100.28
1338.36	100.31
1342.22	100.24
1346.07	100.20
1349.93	100.21
1353.79	100.18
1357.64	100.21
1361.50	100.30
1365.36	100.26
1369.22	100.24
1373.07	100.30
1376.93	100.28
1380.79	100.27
1384.64	100.33
1388.50	100.32
1392.36	100.37
1396.21	100.43
1400.07	100.35
1403.93	100.29
1407.78	100.24
1411.64	100.22
1415.50	100.38
1419.36	100.48
1423.21	100.35
1427.07	100.29
1430.93	100.33
1434.78	100.44
1438.64	100.40
1442.50	100.30
1446.35	100.37
1450.21	100.38
1454.07	100.63
1457.93	100.73
1461.78	100.46
1465.64	100.31
1469.50	100.38
1473.35	100.58
1477.21	100.44
1481.07	100.26
1484.92	100.36
1488.78	100.54
1492.64	100.53
1496.49	100.56
1500.35	100.53
1504.21	100.79
1508.07	101.06
1511.92	100.77
1515.78	100.75
1519.64	100.82
1523.49	100.76
1527.35	100.62
1531.21	100.56
1535.06	100.65
1538.92	100.99
1542.78	100.96
1546.64	100.59
1550.49	100.47
1554.35	100.74
1558.21	101.05
1562.06	100.66
1565.92	100.44
1569.78	100.43
1573.63	100.46
1577.49	100.43
1581.35	100.23
1585.20	100.19
1589.06	100.21
1592.92	100.25
1596.78	100.26
1600.63	100.29
1604.49	100.37
1608.35	100.37
1612.20	100.38
1616.06	100.44
1619.92	100.44
1623.77	100.45
1627.63	100.36
1631.49	100.41
1635.35	100.65
1639.20	100.50
1643.06	100.51
1646.92	100.68
1650.77	100.85
1654.63	100.76
1658.49	100.45
1662.34	100.40
1666.20	100.50
1670.06	100.69
1673.91	100.62
1677.77	100.48
1681.63	100.70
1685.49	100.73
1689.34	100.50
1693.20	100.53
1697.06	100.78
1700.91	100.82
1704.77	100.64
1708.63	100.40
1712.48	100.48
1716.34	100.73
1720.20	100.56
1724.06	100.34
1727.91	100.39
1731.77	100.62
1735.63	100.64
1739.48	100.50
1743.34	100.47
1747.20	100.55
1751.05	100.55
1754.91	100.43
1758.77	100.42
1762.62	100.40
1766.48	100.45
1770.34	100.57
1774.20	100.46
1778.05	100.36
1781.91	100.36
1785.77	100.34
1789.62	100.46
1793.48	100.47
1797.34	100.40
1801.19	100.37
1805.05	100.28
1808.91	100.28
1812.77	100.28
1816.62	100.26
1820.48	100.27
1824.34	100.35
1828.19	100.41
1832.05	100.34
1835.91	100.24
1839.76	100.29
1843.62	100.39
1847.48	100.32
1851.33	100.22
1855.19	100.21
1859.05	100.19
1862.91	100.24
1866.76	100.32
1870.62	100.25
1874.48	100.16
1878.33	100.17
1882.19	100.16
1886.05	100.20
1889.90	100.22
1893.76	100.19
1897.62	100.18
1901.48	100.18
1905.33	100.21
1909.19	100.22
1913.05	100.22
1916.90	100.27
1920.76	100.26
1924.62	100.22
1928.47	100.19
1932.33	100.19
1936.19	100.19
1940.04	100.24
1943.90	100.24
1947.76	100.20
1951.62	100.20
1955.47	100.20
1959.33	100.20
1963.19	100.22
1967.04	100.22
1970.90	100.20
1974.76	100.21
1978.61	100.21
1982.47	100.21
1986.33	100.22
1990.19	100.24
1994.04	100.21
1997.90	100.19
2001.76	100.19
2005.61	100.20
2009.47	100.20
2013.33	100.20
2017.18	100.20
2021.04	100.18
2024.90	100.17
2028.76	100.17
2032.61	100.17
2036.47	100.18
2040.33	100.17
2044.18	100.15
2048.04	100.14
2051.90	100.15
2055.75	100.17
2059.61	100.19
2063.47	100.21
2067.32	100.20
2071.18	100.19
2075.04	100.20
2078.90	100.21
2082.75	100.22
2086.61	100.24
2090.47	100.24
2094.32	100.22
2098.18	100.21
2102.04	100.21
2105.89	100.21
2109.75	100.22
2113.61	100.23
2117.47	100.23
2121.32	100.22
2125.18	100.20
2129.04	100.19
2132.89	100.20
2136.75	100.22
2140.61	100.24
2144.46	100.24
2148.32	100.22
2152.18	100.20
2156.03	100.19
2159.89	100.19
2163.75	100.21
2167.61	100.22
2171.46	100.22
2175.32	100.20
2179.18	100.18
2183.03	100.16
2186.89	100.16
2190.75	100.17
2194.60	100.17
2198.46	100.19
2202.32	100.19
2206.18	100.17
2210.03	100.15
2213.89	100.14
2217.75	100.17
2221.60	100.19
2225.46	100.20
2229.32	100.20
2233.17	100.19
2237.03	100.18
2240.89	100.19
2244.74	100.21
2248.60	100.23
2252.46	100.23
2256.32	100.23
2260.17	100.22
2264.03	100.20
2267.89	100.20
2271.74	100.22
2275.60	100.24
2279.46	100.25
2283.31	100.23
2287.17	100.22
2291.03	100.21
2294.89	100.23
2298.74	100.26
2302.60	100.30
2306.46	100.35
2310.31	100.41
2314.17	100.47
2318.03	100.51
2321.88	100.56
2325.74	100.62
2329.60	100.65
2333.45	100.62
2337.31	100.64
2341.17	100.72
2345.03	100.67
2348.88	100.64
2352.74	100.80
2356.60	100.99
2360.45	101.06
2364.31	100.97
2368.17	100.82
2372.02	100.70
2375.88	100.54
2379.74	100.39
2383.60	100.33
2387.45	100.34
2391.31	100.34
2395.17	100.32
2399.02	100.28
2402.88	100.26
2406.74	100.24
2410.59	100.24
2414.45	100.25
2418.31	100.25
2422.16	100.24
2426.02	100.23
2429.88	100.22
2433.74	100.21
2437.59	100.23
2441.45	100.24
2445.31	100.25
2449.16	100.26
2453.02	100.26
2456.88	100.26
2460.73	100.27
2464.59	100.27
2468.45	100.30
2472.31	100.32
2476.16	100.33
2480.02	100.31
2483.88	100.29
2487.73	100.28
2491.59	100.27
2495.45	100.27
2499.30	100.28
2503.16	100.30
2507.02	100.30
2510.87	100.28
2514.73	100.26
2518.59	100.26
2522.45	100.25
2526.30	100.24
2530.16	100.24
2534.02	100.24
2537.87	100.23
2541.73	100.21
2545.59	100.21
2549.44	100.22
2553.30	100.22
2557.16	100.23
2561.02	100.23
2564.87	100.23
2568.73	100.22
2572.59	100.22
2576.44	100.24
2580.30	100.24
2584.16	100.25
2588.01	100.26
2591.87	100.25
2595.73	100.24
2599.58	100.23
2603.44	100.23
2607.30	100.24
2611.16	100.26
2615.01	100.26
2618.87	100.25
2622.73	100.24
2626.58	100.24
2630.44	100.23
2634.30	100.24
2638.15	100.26
2642.01	100.27
2645.87	100.28
2649.73	100.29
2653.58	100.28
2657.44	100.27
2661.30	100.28
2665.15	100.29
2669.01	100.28
2672.87	100.28
2676.72	100.28
2680.58	100.27
2684.44	100.24
2688.29	100.23
2692.15	100.25
2696.01	100.27
2699.87	100.27
2703.72	100.27
2707.58	100.27
2711.44	100.27
2715.29	100.25
2719.15	100.24
2723.01	100.25
2726.86	100.26
2730.72	100.26
2734.58	100.26
2738.44	100.25
2742.29	100.23
2746.15	100.24
2750.01	100.25
2753.86	100.26
2757.72	100.27
2761.58	100.27
2765.43	100.28
2769.29	100.26
2773.15	100.27
2777.00	100.27
2780.86	100.27
2784.72	100.28
2788.58	100.27
2792.43	100.26
2796.29	100.25
2800.15	100.25
2804.00	100.25
2807.86	100.24
2811.72	100.25
2815.57	100.26
2819.43	100.26
2823.29	100.28
2827.15	100.26
2831.00	100.27
2834.86	100.29
2838.72	100.29
2842.57	100.29
2846.43	100.32
2850.29	100.35
2854.14	100.36
2858.00	100.36
2861.86	100.36
2865.71	100.37
2869.57	100.37
2873.43	100.40
2877.29	100.39
2881.14	100.37
2885.00	100.38
2888.86	100.40
2892.71	100.42
2896.57	100.41
2900.43	100.40
2904.28	100.41
2908.14	100.40
2912.00	100.39
2915.86	100.39
2919.71	100.39
2923.57	100.38
2927.43	100.38
2931.28	100.40
2935.14	100.43
2939.00	100.44
2942.85	100.43
2946.71	100.45
2950.57	100.49
2954.43	100.50
2958.28	100.51
2962.14	100.52
2966.00	100.51
2969.85	100.49
2973.71	100.47
2977.57	100.47
2981.42	100.47
2985.28	100.47
2989.14	100.47
2992.99	100.44
2996.85	100.44
3000.71	100.44
3004.57	100.44
3008.42	100.44
3012.28	100.45
3016.14	100.46
3019.99	100.44
3023.85	100.40
3027.71	100.40
3031.56	100.42
3035.42	100.40
3039.28	100.39
3043.14	100.40
3046.99	100.39
3050.85	100.38
3054.71	100.38
3058.56	100.37
3062.42	100.38
3066.28	100.38
3070.13	100.38
3073.99	100.37
3077.85	100.36
3081.70	100.36
3085.56	100.36
3089.42	100.35
3093.28	100.34
3097.13	100.35
3100.99	100.35
3104.85	100.34
3108.70	100.34
3112.56	100.33
3116.42	100.30
3120.27	100.28
3124.13	100.28
3127.99	100.28
3131.85	100.26
3135.70	100.25
3139.56	100.25
3143.42	100.24
3147.27	100.23
3151.13	100.24
3154.99	100.25
3158.84	100.25
3162.70	100.23
3166.56	100.24
3170.41	100.25
3174.27	100.27
3178.13	100.28
3181.99	100.28
3185.84	100.28
3189.70	100.27
3193.56	100.27
3197.41	100.28
3201.27	100.29
3205.13	100.28
3208.98	100.28
3212.84	100.27
3216.70	100.26
3220.56	100.27
3224.41	100.28
3228.27	100.29
3232.13	100.28
3235.98	100.29
3239.84	100.30
3243.70	100.29
3247.55	100.30
3251.41	100.32
3255.27	100.31
3259.12	100.31
3262.98	100.32
3266.84	100.35
3270.70	100.36
3274.55	100.37
3278.41	100.38
3282.27	100.38
3286.12	100.36
3289.98	100.38
3293.84	100.39
3297.69	100.38
3301.55	100.39
3305.41	100.39
3309.27	100.39
3313.12	100.39
3316.98	100.38
3320.84	100.39
3324.69	100.42
3328.55	100.42
3332.41	100.42
3336.26	100.41
3340.12	100.42
3343.98	100.42
3347.83	100.43
3351.69	100.45
3355.55	100.45
3359.41	100.43
3363.26	100.43
3367.12	100.45
3370.98	100.45
3374.83	100.43
3378.69	100.43
3382.55	100.44
3386.40	100.45
3390.26	100.46
3394.12	100.45
3397.98	100.44
3401.83	100.45
3405.69	100.47
3409.55	100.46
3413.40	100.46
3417.26	100.47
3421.12	100.48
3424.97	100.47
3428.83	100.48
3432.69	100.47
3436.54	100.46
3440.40	100.46
3444.26	100.46
3448.12	100.46
3451.97	100.47
3455.83	100.48
3459.69	100.47
3463.54	100.46
3467.40	100.44
3471.26	100.43
3475.11	100.46
3478.97	100.48
3482.83	100.52
3486.69	100.49
3490.54	100.44
3494.40	100.43
3498.26	100.45
3502.11	100.49
3505.97	100.49
3509.83	100.47
3513.68	100.42
3517.54	100.42
3521.40	100.48
3525.25	100.48
3529.11	100.45
3532.97	100.43
3536.83	100.42
3540.68	100.49
3544.54	100.55
3548.40	100.51
3552.25	100.48
3556.11	100.46
3559.97	100.50
3563.82	100.63
3567.68	100.60
3571.54	100.46
3575.40	100.43
3579.25	100.44
3583.11	100.55
3586.97	100.60
3590.82	100.53
3594.68	100.49
3598.54	100.46
3602.39	100.50
3606.25	100.59
3610.11	100.61
3613.96	100.66
3617.82	100.64
3621.68	100.52
3625.54	100.63
3629.39	100.68
3633.25	100.56
3637.11	100.48
3640.96	100.48
3644.82	100.72
3648.68	100.81
3652.53	100.58
3656.39	100.49
3660.25	100.45
3664.11	100.49
3667.96	100.62
3671.82	100.79
3675.68	100.77
3679.53	100.49
3683.39	100.43
3687.25	100.58
3691.10	100.57
3694.96	100.48
3698.82	100.41
3702.67	100.38
3706.53	100.57
3710.39	100.63
3714.25	100.46
3718.10	100.47
3721.96	100.52
3725.82	100.52
3729.67	100.70
3733.53	100.85
3737.39	100.72
3741.24	100.74
3745.10	100.81
3748.96	100.79
3752.82	100.68
3756.67	100.54
3760.53	100.49
3764.39	100.55
3768.24	100.59
3772.10	100.47
3775.96	100.45
3779.81	100.43
3783.67	100.40
3787.53	100.40
3791.38	100.41
3795.24	100.49
3799.10	100.58
3802.96	100.58
3806.81	100.47
3810.67	100.39
3814.53	100.48
3818.38	100.64
3822.24	100.65
3826.10	100.52
3829.95	100.45
3833.81	100.63
3837.67	100.79
3841.53	100.60
3845.38	100.39
3849.24	100.57
3853.10	100.75
3856.95	100.61
3860.81	100.52
3864.67	100.51
3868.52	100.63
3872.38	100.62
3876.24	100.48
3880.09	100.54
3883.95	100.61
3887.81	100.62
3891.67	100.53
3895.52	100.50
3899.38	100.64
3903.24	100.58
3907.09	100.37
3910.95	100.33
3914.81	100.44
3918.66	100.46
3922.52	100.40
3926.38	100.37
3930.24	100.36
3934.09	100.32
3937.95	100.33
3941.81	100.38
3945.66	100.40
3949.52	100.40
3953.38	100.33
3957.23	100.30
3961.09	100.31
3964.95	100.32
3968.81	100.32
3972.66	100.32
3976.52	100.32
3980.38	100.31
3984.23	100.30
3988.09	100.29
3991.95	100.28
3995.80	100.31
3999.66	100.33
